100
0.563585 0.193304 0.808741 0.00613667 -0.00145293 -0.0108072 5e-005
0.82284 0.746605 0.174108 7.72455 4.53004 0.291276 5e-005
0.0149846 0.0914029 0.364452 -1.55618 -1.47418 2.15555 5e-005
0.119083 0.00466933 0.0089114 -3.7574 0.97421 2.19021 5e-005
0.607166 0.166234 0.663045 -0.630639 -1.89505 -5.67654 5e-005
0.783319 0.802606 0.519883 -2.49888 4.7438 2.86007 5e-005
0.925718 0.539354 0.142338 -0.805079 -5.61936 7.69086 5e-005
0.779656 0.843654 0.996796 2.002 0.446716 -0.430943 5e-005
0.297281 0.840144 0.0237434 -0.716421 -2.35111 1.02272 5e-005
0.00878933 0.91879 0.275887 -0.412353 0.159616 0.347133 5e-005
0.726493 0.484939 0.205359 8.18792 -1.05957 -1.41224 5e-005
0.744438 0.10828 0.599048 -3.84469 7.87289 3.65043 5e-005
0.361339 0.151555 0.225105 -1.37114 5.54856 0.313363 5e-005
0.751549 0.345561 0.168981 3.35621 -0.172873 -9.31203 5e-005
0.504807 0.147496 0.949583 -4.3674 4.93636 2.35039 5e-005
0.426557 0.0703757 0.966613 1.02016 -1.93113 2.10092 5e-005
0.582049 0.191351 0.177892 5.55837 -0.433449 -6.03594 5e-005
0.732017 0.405591 0.27958 1.0773 2.85597 4.00956 5e-005
0.475295 0.12302 0.367809 4.21592 -5.8563 0.214323 5e-005
0.426222 0.104678 0.949339 6.18934 0.727749 -2.26214 5e-005
0.374981 0.84698 0.316874 -0.386414 -2.00782 4.25109 5e-005
0.739189 0.567278 0.19599 1.76689 2.29515 -0.692001 5e-005
0.890164 0.0274667 0.994629 0.796673 -4.93328 0.343824 5e-005
0.843043 0.626759 0.657613 -0.990795 1.12199 -1.23518 5e-005
0.743126 0.314066 0.941069 -0.523262 -0.400387 -0.879941 5e-005
0.83462 0.707999 0.600238 3.63435 -3.63525 -5.22664 5e-005
0.0610065 0.806238 0.852626 -0.00967013 -0.0128434 0.00177781 5e-005
0.113773 0.454512 0.75222 0.0568065 0.0132575 -0.130037 5e-005
0.201941 0.696219 0.290353 -0.967519 -4.08904 1.18998 5e-005
0.628681 0.160192 0.504135 3.74685 1.58406 3.43742 5e-005
0.335948 0.17835 0.995178 -0.125966 1.47406 -1.19133 5e-005
0.0943937 0.437727 0.931516 -4.443 3.88269 -2.06603 5e-005
0.769066 0.410718 0.201971 1.69233 1.37616 -0.639387 5e-005
0.597827 0.634724 0.854793 3.69211 1.40114 2.48066 5e-005
0.375134 0.184271 0.737907 0.645823 4.74527 -3.01211 5e-005
0.604724 0.698508 0.584613 -0.631054 -0.0235067 -1.78075 5e-005
0.612049 0.62038 0.691122 4.79151 -5.52091 1.19638 5e-005
0.911557 0.614704 0.727683 -5.81961 2.13752 6.07117 5e-005
0.569201 0.305826 0.173925 -1.91928 1.80945 1.72206 5e-005
0.154881 0.326914 0.0793481 -5.73895 1.91091 4.33746 5e-005
0.448256 0.408979 0.298746 -0.537829 0.0188252 -5.42428 5e-005
0.737999 0.313883 0.826685 2.34254 1.9051 1.14826 5e-005
0.943999 0.127232 0.0657369 2.79143 0.240803 1.07397 5e-005
0.0722678 0.875637 0.653859 -3.92398 -8.71811 0.111421 5e-005
0.290292 0.91998 0.551164 0.883397 -2.09162 -0.0404894 5e-005
0.496811 0.793359 0.509262 -1.98902 3.18156 0.543633 5e-005
0.395184 0.00589007 0.707877 -4.37296 1.34749 3.97732 5e-005
0.747337 0.496902 0.380108 4.33579 0.802425 -2.17126 5e-005
0.630848 0.17658 0.374248 -5.57401 3.68114 6.83515 5e-005
0.0278329 0.329844 0.0559099 1.62302 -4.29478 4.04643 5e-005
0.596881 0.721641 0.853969 -6.4858 -4.99185 2.77846 5e-005
0.217566 0.0659505 0.16892 2.82888 -3.6247 -4.11653 5e-005
0.661 0.802393 0.806879 0.305459 1.27892 3.43241 5e-005
0.14481 0.630177 0.402417 -3.92781 -5.79621 5.66432 5e-005
0.427808 0.573351 0.302286 0.0944885 -0.539655 -0.370962 5e-005
0.808039 0.134709 0.284249 0.560737 0.76922 0.563707 5e-005
0.615223 0.361126 0.856655 -3.8225 5.11879 -3.80918 5e-005
0.542405 0.984832 0.0538041 -2.45406 0.144662 -0.429154 5e-005
0.258797 0.891537 0.232765 -0.49781 -0.528027 0.607933 5e-005
0.0470901 0.0587176 0.336406 0.768717 -0.187958 -0.124598 5e-005
0.837184 0.534227 0.842097 5.62629 -2.9744 -7.00148 5e-005
0.52559 0.954802 0.398694 -0.0306151 0.0101172 -0.028955 5e-005
0.94528 0.435499 0.890225 -5.03835 4.50826 1.03818 5e-005
0.576678 0.14243 0.222327 -1.78274 -7.55392 -1.25073 5e-005
0.659932 0.855098 0.0648518 0.640213 0.333564 0.394115 5e-005
0.530137 0.685629 0.142766 3.74498 4.50369 5.48856 5e-005
0.868679 0.64452 0.706565 -0.210267 0.0263695 0.227186 5e-005
0.274972 0.145177 0.98178 0.145157 -0.251344 0.511125 5e-005
0.69454 0.218635 0.155919 -1.99006 0.164444 3.08557 5e-005
0.902646 0.441725 0.0801111 0.467499 -0.543919 0.786178 5e-005
0.870388 0.210639 0.456618 -5.68902 2.87329 -4.4246 5e-005
0.311136 0.992615 0.0385754 -2.13103 -2.6709 -2.1688 5e-005
0.620319 0.885372 0.939085 -1.06616 0.979674 0.509909 5e-005
0.909146 0.455458 0.921293 2.63445 -5.60412 2.18783 5e-005
0.42204 0.943022 0.540574 1.72382 0.799806 -5.36898 5e-005
0.350261 0.0366222 0.795251 -2.24101 -3.17307 -0.816563 5e-005
0.070925 0.197668 0.155889 4.63811 -1.46758 3.35146 5e-005
0.441298 0.684469 0.396527 5.09115 1.39838 -4.55567 5e-005
0.876003 0.391705 0.987457 -5.8466 7.35198 1.38319 5e-005
0.627338 0.708518 0.0496231 -2.8323 -3.16727 -1.21995 5e-005
0.710196 0.728446 0.896054 -2.21573 -2.13568 8.4077 5e-005
0.388104 0.570574 0.353557 1.74562 1.8327 1.76568 5e-005
0.139317 0.200171 0.272591 2.85075 6.49536 -2.08798 5e-005
0.109378 0.907437 0.20307 0.554855 4.78345 -1.89933 5e-005
0.0904263 0.0795618 0.0757775 -6.12395 -1.87944 -2.50004 5e-005
0.142674 0.394848 0.0678426 2.95252 3.77903 -5.06186 5e-005
0.615711 0.654897 0.543992 -4.60659 0.520243 -5.16481 5e-005
0.464034 0.96997 0.727866 1.1364 6.60386 7.07657 5e-005
0.388623 0.0499588 0.809778 -2.11512 -2.81115 -1.21262 5e-005
0.21247 0.321909 0.484664 -7.78558 -0.953865 0.124649 5e-005
0.758538 0.401074 0.349803 3.62386 4.67801 1.30414 5e-005
0.0534684 0.562853 0.863552 -3.62857 -6.20343 -6.91437 5e-005
0.612568 0.391186 0.0186163 -0.211676 -0.0199946 0.161562 5e-005
0.401898 0.727287 0.611591 5.8618 7.13632 1.57009 5e-005
0.0790124 0.793176 0.462203 3.72106 3.67219 2.84139 5e-005
0.67275 0.343577 0.0102237 -4.88632 -3.32708 -5.62589 5e-005
0.371746 0.869869 0.116855 3.68552 2.1064 6.43639 5e-005
0.535569 0.902005 0.780084 1.24292 -0.80857 1.07283 5e-005
0.953398 0.848811 0.890347 2.85572 -6.97866 2.59436 5e-005
0.250649 0.7322 0.78811 -2.21921 1.44246 -0.128532 5e-005
